50.0
76.33333333333333
64.33333333333333
68.0
66.33333333333333
34.333333333333336
59.0
52.0
62.666666666666664
55.333333333333336
59.666666666666664
59.666666666666664
64.33333333333333
84.0
48.0
71.66666666666667
79.0
61.333333333333336
50.333333333333336
82.33333333333333
61.666666666666664
51.333333333333336
77.0
40.333333333333336
72.0
68.66666666666667
56.333333333333336
62.666666666666664
42.666666666666664
93.33333333333333
60.333333333333336
54.666666666666664
46.333333333333336
52.0
70.33333333333333
57.333333333333336
77.66666666666667
72.33333333333333
57.333333333333336
61.333333333333336
57.333333333333336
64.33333333333333
51.0
77.0
60.666666666666664
59.0
61.0
73.0
52.666666666666664
59.666666666666664
74.33333333333333
78.33333333333333
61.666666666666664
43.333333333333336
60.333333333333336
72.66666666666667
54.666666666666664
69.33333333333333
40.0
49.333333333333336
89.0
72.0
81.0
54.666666666666664
54.333333333333336
69.66666666666667
64.66666666666667
53.666666666666664
63.333333333333336
37.666666666666664
91.0
57.666666666666664
78.0
57.333333333333336
70.0
42.333333333333336
57.666666666666664
78.33333333333333
68.66666666666667
73.33333333333333
61.0
72.66666666666667
89.66666666666667
58.333333333333336
89.0
74.0
40.333333333333336
44.0
61.333333333333336
88.0
73.33333333333333
55.666666666666664
65.33333333333333
54.333333333333336
68.33333333333333
64.0
61.666666666666664
45.333333333333336
57.333333333333336
49.333333333333336
78.0
63.333333333333336
73.66666666666667
79.33333333333333
58.0
49.0
50.0
65.33333333333333
43.333333333333336
78.66666666666667
60.666666666666664
82.66666666666667
58.333333333333336
59.333333333333336
65.33333333333333
37.333333333333336
50.0
67.66666666666667
65.0
70.66666666666667
54.0
56.666666666666664
53.666666666666664
55.0
74.0
57.333333333333336
52.666666666666664
67.66666666666667
41.333333333333336
54.0
55.0
43.666666666666664
71.33333333333333
67.66666666666667
63.333333333333336
55.666666666666664
67.66666666666667
40.0
69.33333333333333
65.33333333333333
80.66666666666667
69.66666666666667
60.333333333333336
65.0
76.0
58.666666666666664
67.33333333333333
63.666666666666664
65.33333333333333
73.66666666666667
70.33333333333333
64.66666666666667
71.0
78.33333333333333
48.333333333333336
71.66666666666667
78.33333333333333
52.0
83.0
77.66666666666667
47.333333333333336
53.666666666666664
85.66666666666667
65.0
76.66666666666667
67.33333333333333
72.0
66.66666666666667
46.333333333333336
55.666666666666664
47.0
57.666666666666664
53.333333333333336
59.333333333333336
36.333333333333336
76.66666666666667
78.66666666666667
55.0
59.666666666666664
70.33333333333333
52.666666666666664
53.333333333333336
59.333333333333336
51.0
41.666666666666664
59.333333333333336
61.333333333333336
36.0
45.0
54.333333333333336
61.89473684210526 61.36842105263158 63.56315789473684 